MEME version 5.3.1

ALPHABET= ACGT

strands: + -

MOTIF 1-CCAGCCTGGSCAACA
letter-probability matrix: alength= 4 w= 15 nsites= 594 P= 2.3e-017
 0.007593 0.939636 0.011335 0.041436
 0.003834 0.949034 0.000060 0.047072
 0.986650 0.005697 0.007577 0.000076
 0.020752 0.016975 0.877321 0.084952
 0.007592 0.960311 0.007577 0.024519
 0.005713 0.952805 0.013216 0.028266
 0.005713 0.015094 0.003818 0.975375
 0.037672 0.001939 0.950917 0.009471
 0.075298 0.001939 0.911412 0.011351
 0.032029 0.345673 0.610946 0.011353
 0.024512 0.722218 0.015097 0.238172
 0.694058 0.005698 0.292646 0.007598
 0.949061 0.000060 0.039527 0.011352
 0.003834 0.918957 0.016975 0.060234
 0.971613 0.001939 0.020735 0.005713

MOTIF 2-CCTGTAATCCCAGCW
letter-probability matrix: alength= 4 w= 15 nsites= 151 P= 9.7e-005
 0.014810 0.919191 0.014814 0.051185
 0.007535 0.955556 0.000264 0.036644
 0.000260 0.014814 0.014814 0.970112
 0.058472 0.000264 0.941004 0.000260
 0.000260 0.022090 0.000264 0.977385
 0.904630 0.007539 0.065747 0.022085
 0.729693 0.000264 0.262507 0.007535
 0.000260 0.065740 0.000264 0.933735
 0.000260 0.970114 0.000264 0.029361
 0.022085 0.941014 0.007539 0.029363
 0.007535 0.904591 0.007539 0.080335
 0.984661 0.000264 0.007539 0.007535
 0.051184 0.000264 0.948292 0.000260
 0.036634 0.911918 0.022089 0.029359
 0.503820 0.029367 0.036638 0.430175

MOTIF 3-GGATTACAGGCR
letter-probability matrix: alength= 4 w= 12 nsites= 121 P= 2.1e-004
 0.009634 0.000261 0.989700 0.000404
 0.037332 0.000261 0.962002 0.000404
 0.999073 0.000261 0.000261 0.000404
 0.009634 0.138735 0.000261 0.851370
 0.000404 0.064868 0.055658 0.879070
 0.952922 0.000261 0.046412 0.000404
 0.000404 0.869676 0.000261 0.129659
 0.999073 0.000261 0.000261 0.000404
 0.046552 0.000261 0.943553 0.009634
 0.055781 0.027950 0.897406 0.018863
 0.018863 0.721874 0.000261 0.259002
 0.435116 0.009491 0.545759 0.009634

MOTIF 4-CCTCAGCCTCCCRA
letter-probability matrix: alength= 4 w= 14 nsites= 582 P= 2.0e-018
 0.013691 0.927798 0.007841 0.050670
 0.005912 0.964770 0.003950 0.025368
 0.002023 0.005894 0.007839 0.984243
 0.000079 0.841599 0.003951 0.154372
 0.610694 0.050668 0.299624 0.039015
 0.048721 0.003950 0.947250 0.000079
 0.002023 0.972555 0.000061 0.025361
 0.002023 0.947261 0.007838 0.042877
 0.005913 0.002005 0.002005 0.990076
 0.003968 0.966723 0.005896 0.023413
 0.002024 0.953105 0.000061 0.044810
 0.019538 0.761449 0.015617 0.203396
 0.603258 0.013673 0.373267 0.009801
 0.902492 0.003950 0.087646 0.005912

MOTIF 5-RGYGCRGTGGCDC
letter-probability matrix: alength= 4 w= 13 nsites= 206 P= 2.7e-009
 0.460279 0.000188 0.522768 0.016766
 0.000210 0.005706 0.993873 0.000210
 0.000210 0.348251 0.005706 0.645833
 0.226619 0.000188 0.772983 0.000210
 0.000210 0.708911 0.000188 0.290691
 0.537585 0.011225 0.439943 0.011247
 0.086132 0.011225 0.896915 0.005729
 0.000210 0.000188 0.000188 0.999414
 0.000210 0.000188 0.999392 0.000210
 0.049880 0.033298 0.916612 0.000210
 0.000210 0.771694 0.016747 0.211348
 0.257881 0.000188 0.371538 0.370394
 0.011251 0.756463 0.077480 0.154806

MOTIF 6-GCRYGHGCCACCAY
letter-probability matrix: alength= 4 w= 14 nsites= 245 P= 6.0e-006
 0.050110 0.000167 0.949562 0.000161
 0.009242 0.736095 0.000167 0.254496
 0.331729 0.000167 0.640699 0.027406
 0.004702 0.345372 0.000167 0.649759
 0.136413 0.200038 0.654307 0.009242
 0.436304 0.318112 0.000167 0.245417
 0.199998 0.004708 0.795134 0.000161
 0.000161 0.954103 0.000167 0.045569
 0.000161 0.972267 0.000167 0.027406
 0.985883 0.004708 0.004708 0.004702
 0.018324 0.945019 0.009249 0.027408
 0.013786 0.854124 0.000167 0.131923
 0.731473 0.000167 0.259118 0.009242
 0.009242 0.454436 0.022871 0.513450

MOTIF 7-GCAGTGAGCCRAGAT
letter-probability matrix: alength= 4 w= 15 nsites= 213 P= 5.0e-006
 0.036138 0.000186 0.958356 0.005319
 0.000184 0.937812 0.000186 0.061818
 0.906999 0.010458 0.077224 0.005319
 0.066956 0.000186 0.932674 0.000184
 0.000184 0.025867 0.000186 0.973763
 0.041268 0.005322 0.942955 0.010455
 0.994308 0.005322 0.000186 0.000184
 0.025864 0.005322 0.968630 0.000184
 0.000184 0.948080 0.000186 0.051549
 0.061847 0.618660 0.015596 0.303897
 0.350590 0.010460 0.628495 0.010455
 0.804236 0.005322 0.025864 0.164578
 0.010455 0.010458 0.968632 0.010455
 0.978901 0.000186 0.005322 0.015591
 0.000184 0.036140 0.025867 0.937809

MOTIF 8-CYGTCTCTACWAAAA
letter-probability matrix: alength= 4 w= 15 nsites= 330 P= 9.9e-011
 0.011819 0.948976 0.000139 0.039066
 0.015711 0.605510 0.015719 0.363061
 0.304648 0.011817 0.679501 0.004034
 0.000142 0.004032 0.000139 0.995688
 0.007926 0.956759 0.019603 0.015713
 0.004034 0.004032 0.000139 0.991795
 0.007926 0.937299 0.019601 0.035174
 0.261734 0.046850 0.015709 0.675707
 0.968440 0.000139 0.004032 0.027390
 0.304551 0.652349 0.011818 0.031282
 0.436954 0.011817 0.000139 0.551090
 0.980118 0.007924 0.011816 0.000142
 0.980117 0.007924 0.007926 0.004034
 0.972332 0.000139 0.011818 0.015711
 0.976226 0.004032 0.004032 0.015711

MOTIF 9-AAAAAAAAAAAAAA
letter-probability matrix: alength= 4 w= 14 nsites= 242 P= 3.3e-004
 0.999400 0.000176 0.000176 0.000248
 0.999400 0.000176 0.000176 0.000248
 0.991934 0.007642 0.000176 0.000248
 0.757843 0.133307 0.032025 0.076824
 0.975881 0.023695 0.000176 0.000248
 0.846676 0.073935 0.067387 0.012003
 0.928823 0.000176 0.000176 0.070825
 0.811293 0.048046 0.000176 0.140484
 0.795672 0.201465 0.000176 0.002686
 0.999400 0.000176 0.000176 0.000248
 0.892929 0.004354 0.101979 0.000738
 0.630066 0.189945 0.023755 0.156233
 0.999400 0.000176 0.000176 0.000248
 0.999400 0.000176 0.000176 0.000248

MOTIF 10-AMTAAAAATA
letter-probability matrix: alength= 4 w= 10 nsites= 112 P= 2.2e-005
 0.974025 0.012776 0.000465 0.012734
 0.326549 0.589963 0.000465 0.083023
 0.074373 0.021131 0.000465 0.904031
 0.930235 0.000465 0.056565 0.012734
 0.986336 0.000465 0.012776 0.000423
 0.896885 0.000465 0.025087 0.077563
 0.919641 0.037410 0.000465 0.042485
 0.961713 0.025087 0.000465 0.012734
 0.000423 0.021131 0.012776 0.965670
 0.953353 0.000465 0.021131 0.025051

MOTIF 11-AAATAA
letter-probability matrix: alength= 4 w= 6 nsites= 752 P= 5.3e-004
 0.935555 0.018991 0.018991 0.026464
 0.935555 0.018991 0.018991 0.026464
 0.935555 0.018991 0.018991 0.026464
 0.026464 0.018991 0.018991 0.935555
 0.935555 0.018991 0.018991 0.026464
 0.935555 0.018991 0.018991 0.026464

MOTIF 12-AAATAAA
letter-probability matrix: alength= 4 w= 7 nsites= 524 P= 6.9e-004
 0.968535 0.001373 0.001373 0.028718
 0.995480 0.001373 0.001373 0.001774
 0.873451 0.005515 0.119261 0.001774
 0.001774 0.001373 0.001373 0.995480
 0.995480 0.001373 0.001373 0.001774
 0.995480 0.001373 0.001373 0.001774
 0.745725 0.094468 0.001373 0.158434

MOTIF 13-GGAGAATYGCTTGAA
letter-probability matrix: alength= 4 w= 15 nsites= 165 P= 7.6e-004
 0.026490 0.000236 0.940219 0.033056
 0.046185 0.000236 0.946779 0.006801
 0.979602 0.006799 0.013362 0.000238
 0.026490 0.019925 0.953347 0.000238
 0.854898 0.000236 0.144629 0.000238
 0.979602 0.000236 0.013362 0.006801
 0.013364 0.026491 0.000236 0.959910
 0.052745 0.473527 0.216974 0.256755
 0.223690 0.026489 0.716764 0.033056
 0.000238 0.946776 0.006799 0.046188
 0.065928 0.046177 0.105333 0.782562
 0.000238 0.006799 0.013362 0.979602
 0.026490 0.019928 0.953345 0.000238
 0.979602 0.000236 0.006799 0.013364
 0.887713 0.006799 0.105250 0.000238

MOTIF 14-CAGGAGRATCRCTTG
letter-probability matrix: alength= 4 w= 15 nsites= 174 P= 3.2e-004
 0.000287 0.854222 0.000188 0.145303
 0.735663 0.000188 0.230903 0.033245
 0.006878 0.033147 0.953097 0.006878
 0.066201 0.000188 0.933323 0.000287
 0.755439 0.118841 0.000188 0.125532
 0.109045 0.000188 0.890479 0.000287
 0.557610 0.000188 0.435324 0.006878
 0.959789 0.013371 0.026553 0.000287
 0.006878 0.026556 0.006780 0.959786
 0.026654 0.715705 0.105687 0.151954
 0.504739 0.019962 0.422280 0.053019
 0.000287 0.939908 0.006780 0.053025
 0.026653 0.105656 0.132058 0.735633
 0.092575 0.006780 0.000188 0.900457
 0.039834 0.006780 0.939917 0.013469

MOTIF 15-AGGAGAATCGC
letter-probability matrix: alength= 4 w= 11 nsites= 153 P= 2.5e-006
 0.916557 0.000250 0.082946 0.000246
 0.065095 0.027791 0.890241 0.016873
 0.041566 0.014021 0.944167 0.000246
 0.971713 0.000250 0.014021 0.014016
 0.007131 0.000250 0.992372 0.000246
 0.913744 0.000250 0.085760 0.000246
 0.964828 0.014021 0.000250 0.020901
 0.007131 0.000250 0.000250 0.992368
 0.003103 0.620333 0.156718 0.219846
 0.233546 0.000250 0.721745 0.044458
 0.000246 0.957294 0.000250 0.042209

MOTIF 16-GGAGAATGGCKTGA
letter-probability matrix: alength= 4 w= 14 nsites= 94 P= 9.0e-004
 0.000473 0.023186 0.975868 0.000473
 0.080397 0.000351 0.907362 0.011891
 0.975991 0.000351 0.011768 0.011891
 0.062299 0.034606 0.902621 0.000473
 0.804689 0.011768 0.183069 0.000473
 0.861811 0.114530 0.023186 0.000473
 0.046144 0.103137 0.023186 0.827534
 0.034726 0.068856 0.628571 0.267847
 0.057564 0.011768 0.930194 0.000473
 0.000473 0.736064 0.000351 0.263112
 0.114680 0.034603 0.343078 0.507639
 0.023308 0.011768 0.068856 0.896067
 0.000473 0.023186 0.975868 0.000473
 0.930320 0.000351 0.023186 0.046144

MOTIF 17-CAGGAGTTCRAGA
letter-probability matrix: alength= 4 w= 13 nsites= 177 P= 1.1e-008
 0.000223 0.941431 0.000241 0.058105
 0.947849 0.013102 0.038826 0.000223
 0.038812 0.006672 0.947863 0.006653
 0.025948 0.006672 0.960727 0.006653
 0.992864 0.000241 0.006672 0.000223
 0.025954 0.032394 0.941429 0.000223
 0.103133 0.013105 0.032397 0.851364
 0.000223 0.006672 0.019536 0.973570
 0.013085 0.651325 0.070983 0.264606
 0.322378 0.032405 0.638564 0.006653
 0.967136 0.013102 0.019539 0.000223
 0.038818 0.006672 0.934995 0.019514
 0.902829 0.000241 0.070982 0.025948

MOTIF 18-MCTCCTGRSYTCAAG
letter-probability matrix: alength= 4 w= 15 nsites= 144 P= 4.3e-004
 0.536582 0.433530 0.007550 0.022338
 0.022338 0.918411 0.022229 0.037022
 0.037018 0.000210 0.000210 0.962562
 0.000319 0.955113 0.000210 0.044357
 0.000319 0.969793 0.007550 0.022338
 0.000319 0.249874 0.014890 0.734917
 0.169168 0.000210 0.830303 0.000319
 0.441139 0.000210 0.558331 0.000319
 0.051697 0.411695 0.499590 0.037018
 0.000319 0.587850 0.000210 0.411620
 0.000319 0.000210 0.007550 0.991921
 0.000319 0.984472 0.000210 0.014999
 0.962562 0.000210 0.022229 0.014999
 0.624704 0.051592 0.235308 0.088396
 0.066376 0.029572 0.896393 0.007659

MOTIF 19-KTWGAGACRGRGTYT
letter-probability matrix: alength= 4 w= 15 nsites= 426 P= 1.5e-013
 0.033430 0.023149 0.521887 0.421535
 0.007796 0.020585 0.002641 0.968977
 0.544986 0.007768 0.020585 0.426662
 0.018054 0.005205 0.956128 0.020613
 0.989484 0.002641 0.000078 0.007796
 0.038556 0.000078 0.958696 0.002670
 0.981795 0.002641 0.012894 0.002670
 0.005234 0.699114 0.000078 0.295574
 0.411233 0.000078 0.565508 0.023181
 0.041120 0.000078 0.948443 0.010360
 0.383028 0.015457 0.588591 0.012924
 0.066765 0.002641 0.904854 0.025740
 0.000107 0.010331 0.018022 0.971540
 0.000107 0.444557 0.005205 0.550132
 0.002670 0.007768 0.002641 0.986921

MOTIF 20-GTCTCAAAA
letter-probability matrix: alength= 4 w= 9 nsites= 128 P= 2.6e-005
 0.108039 0.000651 0.879846 0.011463
 0.001420 0.004001 0.002529 0.992050
 0.011463 0.932251 0.000403 0.055883
 0.012789 0.002529 0.016060 0.968622
 0.000395 0.992092 0.004992 0.002521
 0.648077 0.055891 0.257800 0.038232
 0.974536 0.011471 0.002529 0.011463
 0.954496 0.022554 0.000403 0.022546
 0.688992 0.299142 0.011471 0.000395

MOTIF 21-AAAAATTAGCYR
letter-probability matrix: alength= 4 w= 12 nsites= 102 P= 3.7e-004
 0.827237 0.103352 0.023254 0.046156
 0.953065 0.011818 0.034683 0.000435
 0.975930 0.000390 0.023246 0.000435
 0.987358 0.000390 0.000390 0.011863
 0.941637 0.023246 0.034683 0.000435
 0.000435 0.000390 0.000390 0.998786
 0.023299 0.011818 0.000390 0.964493
 0.975921 0.000390 0.000390 0.023299
 0.000435 0.000390 0.998741 0.000435
 0.000435 0.964448 0.000390 0.034727
 0.023291 0.527530 0.000390 0.448790
 0.367345 0.000390 0.608975 0.023291

MOTIF 22-GCTAATTTTTKT
letter-probability matrix: alength= 4 w= 12 nsites= 78 P= 7.9e-004
 0.014524 0.000490 0.978657 0.006329
 0.000520 0.984466 0.000490 0.014524
 0.000520 0.000490 0.006299 0.992691
 0.998499 0.000490 0.000490 0.000520
 0.956478 0.028508 0.000490 0.014524
 0.000520 0.000490 0.028508 0.970481
 0.014524 0.014494 0.014494 0.956488
 0.000520 0.000490 0.014494 0.984496
 0.014524 0.014494 0.028498 0.942484
 0.014524 0.028498 0.070551 0.886427
 0.028528 0.042533 0.438284 0.490656
 0.112685 0.014494 0.126711 0.746110

MOTIF 23-CCACCAYGCCCRGC
letter-probability matrix: alength= 4 w= 14 nsites= 159 P= 8.8e-004
 0.014339 0.978138 0.007218 0.000305
 0.007322 0.964099 0.000201 0.028378
 0.964205 0.000201 0.028272 0.007322
 0.000305 0.957085 0.007218 0.035392
 0.021358 0.816724 0.000201 0.161717
 0.697505 0.000201 0.287955 0.014339
 0.007323 0.641145 0.028272 0.323260
 0.283244 0.007218 0.702216 0.007322
 0.014339 0.922000 0.007218 0.056443
 0.000305 0.943051 0.007218 0.049426
 0.000305 0.676256 0.014235 0.309204
 0.381549 0.007218 0.589877 0.021356
 0.014339 0.000201 0.957087 0.028373
 0.021356 0.964104 0.000201 0.014339

MOTIF 24-AGGCTGAGGCRGGAG
letter-probability matrix: alength= 4 w= 15 nsites= 298 P= 3.1e-006
 0.999602 0.000128 0.000128 0.000142
 0.033822 0.003870 0.962166 0.000142
 0.015110 0.003870 0.977136 0.003884
 0.007626 0.973393 0.000128 0.018853
 0.000142 0.299614 0.003870 0.696374
 0.179829 0.000128 0.816159 0.003884
 0.973407 0.003870 0.011355 0.011368
 0.063761 0.000128 0.935969 0.000142
 0.071247 0.000128 0.917258 0.011368
 0.007626 0.692320 0.011354 0.288700
 0.557592 0.003870 0.430912 0.007626
 0.037568 0.007612 0.947194 0.007626
 0.060038 0.011354 0.920982 0.007626
 0.700159 0.187299 0.022581 0.089960
 0.142384 0.007612 0.838637 0.011368

MOTIF 25-CAASCTCCRCCTCC
letter-probability matrix: alength= 4 w= 14 nsites= 100 P= 2.1e-004
 0.000462 0.964457 0.023200 0.011881
 0.953133 0.011781 0.034624 0.000462
 0.896042 0.034619 0.057458 0.011881
 0.057558 0.541866 0.308753 0.091824
 0.046138 0.861659 0.000362 0.091841
 0.034724 0.023200 0.000362 0.941714
 0.011881 0.987295 0.000362 0.000462
 0.000462 0.697031 0.000362 0.302146
 0.560096 0.011781 0.381980 0.046143
 0.000462 0.895938 0.000362 0.103239
 0.046138 0.884523 0.023200 0.046138
 0.034719 0.062196 0.000362 0.902723
 0.068977 0.793165 0.046039 0.091820
 0.000462 0.895938 0.000362 0.103239

MOTIF 26-AACCCAGGAGGCRGA
letter-probability matrix: alength= 4 w= 15 nsites= 89 P= 9.0e-004
 0.949433 0.025031 0.000387 0.025149
 0.900149 0.000387 0.098962 0.000502
 0.012824 0.924678 0.000387 0.062111
 0.025146 0.973966 0.000387 0.000502
 0.099080 0.813745 0.000387 0.086788
 0.629018 0.037356 0.296159 0.037468
 0.086765 0.025031 0.887702 0.000502
 0.049793 0.074318 0.875387 0.000502
 0.924793 0.000387 0.037353 0.037468
 0.136059 0.000387 0.863052 0.000502
 0.049789 0.000387 0.937000 0.012824
 0.074433 0.641274 0.074318 0.209974
 0.357919 0.012709 0.628870 0.000502
 0.062111 0.000387 0.924678 0.012824
 0.924793 0.000387 0.074318 0.000502

MOTIF 27-YTCAKYYTCCYY
letter-probability matrix: alength= 4 w= 12 nsites= 1262 P= 4.8e-004
 0.068046 0.527848 0.073071 0.331035
 0.000027 0.000036 0.076128 0.923809
 0.000027 0.929493 0.000036 0.070444
 0.663152 0.139719 0.197102 0.000027
 0.097397 0.190026 0.436468 0.276109
 0.011375 0.440601 0.016624 0.531400
 0.071977 0.295628 0.095260 0.537135
 0.037055 0.055250 0.000909 0.906786
 0.043166 0.676907 0.091256 0.188671
 0.124271 0.610269 0.036043 0.229417
 0.064843 0.382463 0.041281 0.511412
 0.161745 0.451194 0.153370 0.233692

MOTIF 28-CTCACTGCAACCTC
letter-probability matrix: alength= 4 w= 14 nsites= 144 P= 8.8e-004
 0.007772 0.954203 0.000266 0.037760
 0.000275 0.000266 0.022756 0.976703
 0.000275 0.961700 0.000266 0.037760
 0.909225 0.007763 0.060243 0.022769
 0.000275 0.916710 0.000266 0.082749
 0.000275 0.120295 0.000266 0.879165
 0.052753 0.000266 0.924215 0.022766
 0.000275 0.946706 0.000266 0.052753
 0.916725 0.037753 0.045247 0.000275
 0.759107 0.000266 0.240352 0.000275
 0.022766 0.819039 0.120436 0.037760
 0.052753 0.901716 0.015259 0.030271
 0.000275 0.037750 0.022756 0.939219
 0.045256 0.804263 0.037750 0.112731

MOTIF 29-GAGCRAGAC
letter-probability matrix: alength= 4 w= 9 nsites= 258 P= 4.1e-007
 0.010305 0.013040 0.966349 0.010305
 0.999377 0.000190 0.000190 0.000242
 0.052451 0.000190 0.947117 0.000242
 0.000242 0.727635 0.000190 0.271932
 0.369850 0.000190 0.623723 0.006238
 0.987385 0.000190 0.012183 0.000242
 0.145542 0.000190 0.854025 0.000242
 0.999377 0.000190 0.000190 0.000242
 0.000242 0.957325 0.036195 0.006238

MOTIF 30-TGGTGAAACC
letter-probability matrix: alength= 4 w= 10 nsites= 209 P= 3.9e-006
 0.000232 0.116689 0.000173 0.882906
 0.088435 0.005786 0.905547 0.000232
 0.045147 0.000173 0.954448 0.000232
 0.000232 0.049758 0.000173 0.949837
 0.022699 0.000173 0.976897 0.000232
 0.999422 0.000173 0.000173 0.000232
 0.999422 0.000173 0.000173 0.000232
 0.999422 0.000173 0.000173 0.000232
 0.000232 0.999364 0.000173 0.000232
 0.000232 0.920712 0.022629 0.056427

MOTIF 31-SGTGATCCRCCC
letter-probability matrix: alength= 4 w= 12 nsites= 121 P= 2.0e-004
 0.167036 0.469497 0.245469 0.117998
 0.210347 0.033817 0.755473 0.000363
 0.010166 0.000344 0.010146 0.979345
 0.029770 0.000344 0.959721 0.010166
 0.998949 0.000344 0.000344 0.000363
 0.000363 0.000344 0.010146 0.989147
 0.000363 0.949919 0.000344 0.049374
 0.010166 0.695000 0.000344 0.294491
 0.333805 0.010146 0.626279 0.029770
 0.000363 0.910710 0.039552 0.049374
 0.000363 0.959721 0.010146 0.029770
 0.000363 0.724416 0.000344 0.274877

MOTIF 32-GYGGATCACRA
letter-probability matrix: alength= 4 w= 11 nsites= 73 P= 4.3e-004
 0.000888 0.000640 0.976392 0.022079
 0.000888 0.551843 0.000640 0.446628
 0.170508 0.000640 0.827964 0.000888
 0.022079 0.000640 0.976392 0.000888
 0.976641 0.000640 0.021831 0.000888
 0.000888 0.000640 0.000640 0.997831
 0.000888 0.976392 0.021831 0.000888
 0.997831 0.000640 0.000640 0.000888
 0.000888 0.933989 0.000640 0.064482
 0.403865 0.021831 0.531035 0.043270
 0.976641 0.000640 0.000640 0.022079

MOTIF 33-GCTCACTGCA
letter-probability matrix: alength= 4 w= 10 nsites= 91 P= 7.9e-004
 0.054976 0.000460 0.944044 0.000521
 0.000521 0.930405 0.000460 0.068614
 0.000521 0.000460 0.000460 0.998559
 0.000521 0.957692 0.027667 0.014120
 0.957733 0.000460 0.041286 0.000521
 0.000521 0.916756 0.000460 0.082263
 0.000521 0.054914 0.000460 0.944105
 0.027728 0.000460 0.971291 0.000521
 0.000521 0.955018 0.000460 0.044001
 0.998559 0.000460 0.000460 0.000521

MOTIF 34-GCATGGTGGCTCAYG
letter-probability matrix: alength= 4 w= 15 nsites= 90 P= 4.2e-004
 0.074544 0.019128 0.868719 0.037608
 0.000672 0.905656 0.037596 0.056076
 0.776379 0.056064 0.129949 0.037608
 0.037608 0.111473 0.000660 0.850259
 0.000672 0.000660 0.961060 0.037608
 0.000672 0.037596 0.924124 0.037608
 0.000672 0.019128 0.037596 0.942603
 0.056076 0.000660 0.924124 0.019140
 0.111480 0.037596 0.794847 0.056076
 0.000672 0.868711 0.019128 0.111488
 0.203829 0.056064 0.185349 0.554758
 0.019140 0.868711 0.000660 0.111488
 0.813311 0.037596 0.111477 0.037616
 0.037608 0.370042 0.019128 0.573222
 0.093020 0.019128 0.868711 0.019140

MOTIF 35-GCCGCCGCCGCC
letter-probability matrix: alength= 4 w= 12 nsites= 412 P= 8.0e-006
 0.002718 0.033653 0.952663 0.010967
 0.017116 0.905485 0.027924 0.049474
 0.000084 0.920274 0.042309 0.037333
 0.126005 0.000170 0.873741 0.000084
 0.003607 0.867102 0.000170 0.129121
 0.000084 0.929560 0.027754 0.042602
 0.019319 0.055663 0.900273 0.024745
 0.021222 0.906979 0.012607 0.059192
 0.030179 0.892608 0.031506 0.045707
 0.082705 0.000170 0.900366 0.016759
 0.016150 0.952782 0.000170 0.030898
 0.023354 0.953914 0.003128 0.019604

MOTIF 36-GCGGCGGCGGCSGCG
letter-probability matrix: alength= 4 w= 15 nsites= 243 P= 3.0e-005
 0.075095 0.011313 0.888495 0.025097
 0.062598 0.716114 0.146114 0.075174
 0.000099 0.000201 0.916277 0.083422
 0.008431 0.012701 0.970436 0.008431
 0.000099 0.943711 0.000201 0.055988
 0.064322 0.030166 0.905413 0.000099
 0.050092 0.025198 0.920445 0.004265
 0.033429 0.883297 0.045677 0.037598
 0.052175 0.029364 0.901697 0.016764
 0.029262 0.054363 0.903777 0.012598
 0.020932 0.882939 0.087697 0.008431
 0.079263 0.333152 0.490857 0.096728
 0.025099 0.087699 0.882937 0.004265
 0.203532 0.524841 0.146500 0.125127
 0.047085 0.008533 0.930915 0.013466

MOTIF 37-GCCGCCGCCGCCGCC
letter-probability matrix: alength= 4 w= 15 nsites= 807 P= 2.2e-008
 0.063994 0.041369 0.872755 0.021881
 0.004580 0.864521 0.004283 0.126615
 0.052960 0.830412 0.000076 0.116553
 0.010649 0.001592 0.960014 0.027745
 0.004580 0.960449 0.000076 0.034895
 0.047587 0.844156 0.003108 0.105149
 0.128936 0.020628 0.842082 0.008354
 0.001549 0.896172 0.000076 0.102203
 0.005548 0.798546 0.043121 0.152785
 0.077400 0.002241 0.860464 0.059895
 0.000034 0.945299 0.000076 0.054592
 0.047882 0.770322 0.010687 0.171109
 0.134680 0.006827 0.789482 0.069010
 0.001549 0.942582 0.000485 0.055384
 0.031863 0.760746 0.043565 0.163826

MOTIF 38-CCCCACCC
letter-probability matrix: alength= 4 w= 8 nsites= 219 P= 4.4e-005
 0.000918 0.997218 0.000946 0.000918
 0.000918 0.997218 0.000946 0.000918
 0.000918 0.863426 0.134737 0.000918
 0.098704 0.716040 0.073888 0.111369
 0.770357 0.000946 0.227779 0.000918
 0.000918 0.997218 0.000946 0.000918
 0.000918 0.960324 0.037840 0.000918
 0.000918 0.997218 0.000946 0.000918

MOTIF 39-CCCCGCCCCGCSCB
letter-probability matrix: alength= 4 w= 14 nsites= 653 P= 9.8e-004
 0.120784 0.813456 0.000099 0.065660
 0.075188 0.924668 0.000099 0.000045
 0.000045 0.999811 0.000099 0.000045
 0.105558 0.726679 0.107933 0.059830
 0.098016 0.000099 0.622182 0.279703
 0.014035 0.985821 0.000099 0.000045
 0.010866 0.988989 0.000099 0.000045
 0.000045 0.997813 0.002098 0.000045
 0.165186 0.512265 0.081729 0.240820
 0.106839 0.138208 0.504050 0.250903
 0.012865 0.971002 0.016088 0.000045
 0.046840 0.441507 0.324885 0.186768
 0.052835 0.785048 0.162072 0.000045
 0.120442 0.425927 0.238506 0.215125

MOTIF 40-GGGGGCGGGGCSKGG
letter-probability matrix: alength= 4 w= 15 nsites= 975 P= 6.9e-018
 0.191109 0.260151 0.520536 0.028204
 0.017810 0.000057 0.904086 0.078047
 0.124032 0.000057 0.875885 0.000026
 0.000026 0.000057 0.999891 0.000026
 0.000026 0.000057 0.999891 0.000026
 0.000026 0.925507 0.000057 0.074411
 0.000026 0.000057 0.999891 0.000026
 0.000026 0.000057 0.961552 0.038366
 0.055124 0.000057 0.928730 0.016089
 0.058345 0.001778 0.921494 0.018383
 0.085885 0.730201 0.081492 0.102423
 0.047069 0.508717 0.292223 0.151991
 0.214509 0.126635 0.434460 0.224396
 0.141697 0.181134 0.623889 0.053280
 0.121551 0.174707 0.665378 0.038364

MOTIF 41-CCCRSCCCSGCCCC
letter-probability matrix: alength= 4 w= 14 nsites= 1201 P= 5.0e-008
 0.000024 0.999904 0.000048 0.000024
 0.022803 0.737859 0.179700 0.059637
 0.070445 0.920502 0.000048 0.009004
 0.355640 0.000048 0.644288 0.000024
 0.107203 0.381212 0.418573 0.093012
 0.000024 0.999904 0.000048 0.000024
 0.022974 0.872547 0.035776 0.068703
 0.006011 0.904624 0.000048 0.089317
 0.072439 0.495477 0.330792 0.101293
 0.247007 0.000048 0.687904 0.065041
 0.115207 0.628487 0.223316 0.032989
 0.059722 0.744686 0.124893 0.070699
 0.060891 0.688060 0.116617 0.134431
 0.052907 0.732486 0.058986 0.155620

MOTIF 42-GCCCCGCGCCCC
letter-probability matrix: alength= 4 w= 12 nsites= 532 P= 6.7e-004
 0.167311 0.011620 0.644724 0.176345
 0.144760 0.697667 0.089891 0.067682
 0.000064 0.943668 0.000145 0.056124
 0.000064 0.999727 0.000145 0.000064
 0.000064 0.959258 0.000145 0.040533
 0.228701 0.003038 0.768198 0.000064
 0.224555 0.676733 0.082615 0.016096
 0.025613 0.000145 0.974179 0.000064
 0.143761 0.511037 0.181154 0.164048
 0.025367 0.878492 0.000145 0.095996
 0.000064 0.783697 0.193793 0.022445
 0.095241 0.797327 0.107368 0.000064

MOTIF 43-GGGGCGGGGMCSG
letter-probability matrix: alength= 4 w= 13 nsites= 123 P= 5.5e-004
 0.009726 0.000429 0.951704 0.038141
 0.038141 0.042254 0.900407 0.019198
 0.000255 0.108543 0.872004 0.019198
 0.000255 0.028843 0.970647 0.000255
 0.000255 0.961176 0.000429 0.038141
 0.000255 0.000429 0.980119 0.019198
 0.000255 0.000429 0.989590 0.009726
 0.057097 0.023299 0.890935 0.028670
 0.057097 0.066742 0.847491 0.028670
 0.424921 0.360395 0.091292 0.123392
 0.076040 0.586096 0.214460 0.123404
 0.144259 0.463778 0.278018 0.113945
 0.047613 0.114100 0.809605 0.028682

MOTIF 44-CCCCGACCC
letter-probability matrix: alength= 4 w= 9 nsites= 330 P= 8.0e-004
 0.103614 0.895960 0.000276 0.000150
 0.000150 0.980583 0.019117 0.000150
 0.100543 0.764946 0.021076 0.113435
 0.134170 0.706566 0.111738 0.047526
 0.023990 0.114150 0.807336 0.054524
 0.900484 0.071403 0.027963 0.000150
 0.054216 0.903442 0.042192 0.000150
 0.019316 0.704006 0.240056 0.036622
 0.098019 0.901555 0.000276 0.000150

MOTIF 45-CCCWWCCC
letter-probability matrix: alength= 4 w= 8 nsites= 121 P= 9.8e-005
 0.001100 0.996948 0.000852 0.001100
 0.001100 0.734833 0.262967 0.001100
 0.001100 0.996948 0.000852 0.001100
 0.500096 0.000852 0.000852 0.498199
 0.475705 0.000852 0.000852 0.522590
 0.001100 0.996948 0.000852 0.001100
 0.001100 0.996948 0.000852 0.001100
 0.001100 0.996948 0.000852 0.001100

MOTIF 46-CCCGCCC
letter-probability matrix: alength= 4 w= 7 nsites= 391 P= 3.7e-004
 0.018564 0.935982 0.026891 0.018564
 0.018564 0.935982 0.026891 0.018564
 0.018564 0.935982 0.026891 0.018564
 0.018564 0.026891 0.935982 0.018564
 0.018564 0.935982 0.026891 0.018564
 0.018564 0.935982 0.026891 0.018564
 0.018564 0.935982 0.026891 0.018564

MOTIF 47-CCCCGKCCCCGC
letter-probability matrix: alength= 4 w= 12 nsites= 650 P= 4.8e-004
 0.012658 0.974185 0.013109 0.000048
 0.089860 0.896250 0.013842 0.000048
 0.000048 0.928426 0.000105 0.071420
 0.235136 0.741599 0.023216 0.000048
 0.220990 0.157773 0.550825 0.070412
 0.181020 0.181369 0.412711 0.224901
 0.067723 0.846961 0.085267 0.000048
 0.045497 0.882438 0.060693 0.011372
 0.018398 0.977856 0.000105 0.003640
 0.085299 0.839356 0.075296 0.000048
 0.233760 0.050684 0.627546 0.088009
 0.194720 0.717533 0.018297 0.069450

MOTIF 48-CCCGGCCCGGGCC
letter-probability matrix: alength= 4 w= 13 nsites= 146 P= 1.4e-004
 0.000227 0.999103 0.000442 0.000227
 0.018787 0.841755 0.083553 0.055905
 0.061557 0.919210 0.009726 0.009507
 0.000227 0.002228 0.984188 0.013357
 0.065187 0.037572 0.887734 0.009507
 0.000227 0.999103 0.000442 0.000227
 0.000227 0.864158 0.042579 0.093036
 0.048416 0.947065 0.004292 0.000227
 0.059759 0.170956 0.731561 0.037724
 0.000227 0.126458 0.850678 0.022637
 0.009507 0.141477 0.802387 0.046630
 0.119306 0.744448 0.089609 0.046638
 0.119300 0.700628 0.097900 0.082173

MOTIF 49-CCAGGCTGGWSTSSA
letter-probability matrix: alength= 4 w= 15 nsites= 258 P= 3.7e-008
 0.013171 0.908499 0.004475 0.073855
 0.000171 0.977849 0.004475 0.017505
 0.956207 0.021811 0.013144 0.008838
 0.052181 0.000142 0.947506 0.000171
 0.030510 0.008809 0.956177 0.004504
 0.095636 0.878048 0.008809 0.017507
 0.000171 0.021809 0.000142 0.977878
 0.017505 0.017476 0.964849 0.000171
 0.017505 0.021826 0.930152 0.030518
 0.572493 0.014940 0.013142 0.399425
 0.013171 0.405525 0.559465 0.021838
 0.000171 0.034809 0.000142 0.964878
 0.034851 0.314466 0.576794 0.073889
 0.086912 0.594137 0.297109 0.021843
 0.982212 0.000142 0.013142 0.004504

MOTIF 50-CCYGGGTTCA
letter-probability matrix: alength= 4 w= 10 nsites= 98 P= 9.0e-004
 0.000519 0.910807 0.088155 0.000519
 0.000519 0.883345 0.000385 0.115751
 0.000519 0.587522 0.025451 0.386508
 0.223387 0.025448 0.750646 0.000519
 0.013051 0.000385 0.986045 0.000519
 0.013051 0.000385 0.973514 0.013051
 0.000519 0.000385 0.000385 0.998711
 0.000519 0.000385 0.000385 0.998711
 0.013051 0.986045 0.000385 0.000519
 0.998711 0.000385 0.000385 0.000519

MOTIF 51-CGTGAACCC
letter-probability matrix: alength= 4 w= 9 nsites= 66 P= 8.5e-004
 0.030501 0.877562 0.058778 0.033159
 0.096343 0.078194 0.729121 0.096343
 0.000684 0.000711 0.000711 0.997893
 0.000684 0.000711 0.997920 0.000684
 0.947442 0.039413 0.012461 0.000684
 0.952617 0.020058 0.016188 0.011137
 0.000684 0.951193 0.008738 0.039386
 0.039386 0.939873 0.000711 0.020030
 0.020030 0.920527 0.020058 0.039386

MOTIF 52-CCCCAGCC
letter-probability matrix: alength= 4 w= 8 nsites= 619 P= 4.0e-004
 0.023853 0.925950 0.041873 0.008325
 0.001851 0.968853 0.001015 0.028281
 0.047104 0.809415 0.049712 0.093770
 0.009897 0.912269 0.051315 0.026519
 0.884543 0.056329 0.058615 0.000512
 0.111017 0.100258 0.715107 0.073618
 0.003480 0.965663 0.029470 0.001387
 0.033493 0.891467 0.032936 0.042103

MOTIF 53-CCCRGCTA
letter-probability matrix: alength= 4 w= 8 nsites= 72 P= 4.1e-004
 0.001091 0.996692 0.001126 0.001091
 0.001091 0.993842 0.003976 0.001091
 0.001091 0.980090 0.017728 0.001091
 0.529757 0.008029 0.461123 0.001091
 0.001091 0.001126 0.996692 0.001091
 0.001091 0.996692 0.001126 0.001091
 0.001091 0.001126 0.001126 0.996658
 0.996658 0.001126 0.001126 0.001091

MOTIF 54-CCCARCYC
letter-probability matrix: alength= 4 w= 8 nsites= 821 P= 2.4e-007
 0.000262 0.999021 0.000455 0.000262
 0.000262 0.999021 0.000455 0.000262
 0.000262 0.969786 0.029690 0.000262
 0.713733 0.000455 0.285550 0.000262
 0.434032 0.123243 0.442463 0.000262
 0.000262 0.999021 0.000455 0.000262
 0.132987 0.514646 0.000455 0.351912
 0.000262 0.830469 0.000455 0.168814

MOTIF 55-CAGCAGCAGCAGCR
letter-probability matrix: alength= 4 w= 14 nsites= 121 P= 4.2e-004
 0.040898 0.792737 0.166228 0.000137
 0.853664 0.027533 0.095467 0.023336
 0.000137 0.013940 0.985786 0.000137
 0.000137 0.945022 0.020733 0.034108
 0.918781 0.000353 0.060348 0.020518
 0.081663 0.068299 0.843107 0.006931
 0.000137 0.883865 0.088684 0.027314
 0.833286 0.145837 0.020739 0.000137
 0.054486 0.081880 0.822734 0.040900
 0.006931 0.806324 0.152640 0.034106
 0.893841 0.007151 0.098871 0.000137
 0.115638 0.013941 0.856697 0.013724
 0.000137 0.863493 0.136233 0.000137
 0.404026 0.188995 0.345697 0.061281

MOTIF 56-ATYTAYASYCTGAG
letter-probability matrix: alength= 4 w= 14 nsites= 128 P= 2.4e-005
 0.945119 0.000259 0.054233 0.000390
 0.018382 0.000259 0.000259 0.981101
 0.054364 0.603138 0.018250 0.324248
 0.000390 0.000259 0.000259 0.999093
 0.990097 0.000259 0.000259 0.009386
 0.000390 0.576135 0.000259 0.423216
 0.927127 0.009254 0.018250 0.045369
 0.000390 0.342107 0.657112 0.000390
 0.081355 0.558127 0.000259 0.360260
 0.000390 0.738063 0.000259 0.261288
 0.000390 0.000259 0.000259 0.999093
 0.189309 0.153201 0.531160 0.126330
 0.864154 0.135197 0.000259 0.000390
 0.081355 0.000259 0.917996 0.000390

MOTIF 57-TCCCCA
letter-probability matrix: alength= 4 w= 6 nsites= 198 P= 6.3e-006
 0.020155 0.025300 0.025300 0.929245
 0.020155 0.934391 0.025300 0.020155
 0.020155 0.934391 0.025300 0.020155
 0.020155 0.934391 0.025300 0.020155
 0.020155 0.934391 0.025300 0.020155
 0.929245 0.025300 0.025300 0.020155

MOTIF 58-GGMSGGGACV
letter-probability matrix: alength= 4 w= 10 nsites= 130 P= 4.3e-004
 0.000323 0.000727 0.998627 0.000323
 0.026953 0.000727 0.971997 0.000323
 0.304592 0.561199 0.000727 0.133482
 0.000323 0.467177 0.532177 0.000323
 0.000323 0.000727 0.998627 0.000323
 0.000323 0.000727 0.958847 0.040103
 0.000323 0.000727 0.954956 0.043994
 0.998223 0.000727 0.000727 0.000323
 0.000323 0.920825 0.000727 0.078125
 0.212241 0.389871 0.397565 0.000323

MOTIF 59-CCCGAGGC
letter-probability matrix: alength= 4 w= 8 nsites= 584 P= 9.1e-005
 0.076418 0.852981 0.064204 0.006397
 0.022470 0.963137 0.007042 0.007351
 0.006993 0.989606 0.001082 0.002318
 0.015223 0.007749 0.968562 0.008466
 0.803728 0.079230 0.114203 0.002839
 0.054875 0.037714 0.905745 0.001666
 0.011887 0.109661 0.823070 0.055382
 0.037027 0.770584 0.081171 0.111217

MOTIF 60-AAACTGAGG
letter-probability matrix: alength= 4 w= 9 nsites= 62 P= 4.2e-004
 0.996979 0.001012 0.001012 0.000997
 0.996979 0.001012 0.001012 0.000997
 0.996979 0.001012 0.001012 0.000997
 0.000997 0.996993 0.001012 0.000997
 0.000997 0.028867 0.112507 0.857629
 0.090009 0.001012 0.907982 0.000997
 0.996979 0.001012 0.001012 0.000997
 0.000997 0.001012 0.862257 0.135734
 0.000997 0.001012 0.996993 0.000997

MOTIF 61-GGGTCCCCGAG
letter-probability matrix: alength= 4 w= 11 nsites= 255 P= 8.1e-004
 0.110037 0.000301 0.889512 0.000149
 0.008978 0.139832 0.832321 0.018869
 0.079264 0.010775 0.909811 0.000149
 0.078240 0.000301 0.026167 0.895292
 0.000149 0.981743 0.009131 0.008978
 0.086454 0.763818 0.097709 0.052018
 0.043834 0.762408 0.131201 0.062557
 0.012630 0.899796 0.078596 0.008978
 0.127692 0.068399 0.776210 0.027698
 0.751439 0.050735 0.181321 0.016505
 0.107176 0.174324 0.718351 0.000149

MOTIF 62-CTTCC
letter-probability matrix: alength= 4 w= 5 nsites= 914 P= 5.1e-005
 0.027482 0.927064 0.017973 0.027482
 0.027482 0.017973 0.017973 0.936573
 0.027482 0.017973 0.017973 0.936573
 0.027482 0.927064 0.017973 0.027482
 0.027482 0.927064 0.017973 0.027482

MOTIF 63-ACTYACCT
letter-probability matrix: alength= 4 w= 8 nsites= 621 P= 1.1e-015
 0.700069 0.099760 0.111701 0.088470
 0.000124 0.984188 0.015564 0.000124
 0.026581 0.031911 0.001741 0.939767
 0.000124 0.445667 0.000158 0.554051
 0.999560 0.000158 0.000158 0.000124
 0.000124 0.999594 0.000158 0.000124
 0.006685 0.937057 0.045000 0.011257
 0.211405 0.066197 0.124186 0.598212

MOTIF 64-GCAGGTAA
letter-probability matrix: alength= 4 w= 8 nsites= 207 P= 5.4e-004
 0.168886 0.072748 0.511154 0.247212
 0.305253 0.645617 0.043235 0.005895
 0.998721 0.000523 0.000523 0.000232
 0.004580 0.003110 0.992077 0.000232
 0.052766 0.000523 0.857275 0.089436
 0.000232 0.000523 0.000523 0.998721
 0.998721 0.000523 0.000523 0.000232
 0.595076 0.233162 0.144907 0.026855

MOTIF 65-ARCCAATCRGMR
letter-probability matrix: alength= 4 w= 12 nsites= 457 P= 3.5e-012
 0.622638 0.073007 0.285281 0.019074
 0.322401 0.035448 0.582338 0.059814
 0.000063 0.997025 0.002848 0.000063
 0.002779 0.997025 0.000133 0.000063
 0.991523 0.005565 0.000133 0.002779
 0.994240 0.000133 0.000133 0.005495
 0.010927 0.030009 0.000133 0.958931
 0.095128 0.669933 0.224013 0.010927
 0.611311 0.059884 0.328741 0.000063
 0.086977 0.193229 0.621955 0.097839
 0.503653 0.320962 0.131867 0.043518
 0.297473 0.029135 0.586418 0.086974

MOTIF 66-TTTWAAA
letter-probability matrix: alength= 4 w= 7 nsites= 343 P= 1.5e-004
 0.026073 0.019382 0.019382 0.935164
 0.026073 0.019382 0.019382 0.935164
 0.026073 0.019382 0.019382 0.935164
 0.480618 0.019382 0.019382 0.480618
 0.935164 0.019382 0.019382 0.026073
 0.935164 0.019382 0.019382 0.026073
 0.935164 0.019382 0.019382 0.026073

MOTIF 67-ATAGTA
letter-probability matrix: alength= 4 w= 6 nsites= 274 P= 1.2e-004
 0.935236 0.019309 0.019309 0.026145
 0.026145 0.019309 0.019309 0.935236
 0.935236 0.019309 0.019309 0.026145
 0.026145 0.019309 0.928400 0.026145
 0.026145 0.019309 0.019309 0.935236
 0.935236 0.019309 0.019309 0.026145

MOTIF 68-TWTAWA
letter-probability matrix: alength= 4 w= 6 nsites= 309 P= 3.8e-004
 0.020982 0.024473 0.024473 0.930073
 0.475527 0.024473 0.024473 0.475527
 0.020982 0.024473 0.024473 0.930073
 0.930073 0.024473 0.024473 0.020982
 0.475527 0.024473 0.024473 0.475527
 0.930073 0.024473 0.024473 0.020982

MOTIF 69-AAAGTCA
letter-probability matrix: alength= 4 w= 7 nsites= 94 P= 9.1e-004
 0.934709 0.019836 0.019836 0.025618
 0.934709 0.019836 0.019836 0.025618
 0.934709 0.019836 0.019836 0.025618
 0.025618 0.019836 0.928927 0.025618
 0.025618 0.019836 0.019836 0.934709
 0.025618 0.928927 0.019836 0.025618
 0.934709 0.019836 0.019836 0.025618

MOTIF 70-CCRAGTAG
letter-probability matrix: alength= 4 w= 8 nsites= 71 P= 7.9e-004
 0.000894 0.997413 0.000798 0.000894
 0.000894 0.973949 0.024262 0.000894
 0.490735 0.000798 0.425811 0.082655
 0.903549 0.094758 0.000798 0.000894
 0.000894 0.000798 0.997413 0.000894
 0.000894 0.000798 0.000798 0.997509
 0.997509 0.000798 0.000798 0.000894
 0.000894 0.000798 0.997413 0.000894

MOTIF 71-AAGTA
letter-probability matrix: alength= 4 w= 5 nsites= 769 P= 7.0e-004
 0.934555 0.019991 0.019991 0.025464
 0.934555 0.019991 0.019991 0.025464
 0.025464 0.019991 0.929082 0.025464
 0.025464 0.019991 0.019991 0.934555
 0.934555 0.019991 0.019991 0.025464

MOTIF 72-ACAMACATACW
letter-probability matrix: alength= 4 w= 11 nsites= 123 P= 5.3e-004
 0.934131 0.012279 0.000338 0.053253
 0.041299 0.815182 0.012279 0.131240
 0.939087 0.024221 0.000338 0.036353
 0.348006 0.604906 0.000338 0.046750
 0.929176 0.000338 0.000338 0.070147
 0.000523 0.998616 0.000338 0.000523
 0.905308 0.088876 0.000338 0.005477
 0.249517 0.191267 0.000338 0.558877
 0.907769 0.000338 0.055544 0.036349
 0.000523 0.938904 0.036164 0.024409
 0.549042 0.012279 0.091204 0.347475

MOTIF 73-AAGAA
letter-probability matrix: alength= 4 w= 5 nsites= 1052 P= 4.0e-005
 0.802039 0.007589 0.007589 0.182783
 0.962254 0.021850 0.007589 0.008307
 0.008307 0.007589 0.975797 0.008307
 0.942779 0.007589 0.007589 0.042044
 0.868327 0.115776 0.007589 0.008307

MOTIF 74-GTSACGTSAC
letter-probability matrix: alength= 4 w= 10 nsites= 359 P= 1.3e-004
 0.196809 0.180042 0.561555 0.061593
 0.058001 0.122159 0.003675 0.816165
 0.031303 0.349758 0.528180 0.090760
 0.973516 0.000162 0.000162 0.026161
 0.000077 0.954891 0.000162 0.044870
 0.044870 0.000162 0.954891 0.000077
 0.026161 0.000162 0.000162 0.973516
 0.090760 0.528180 0.349758 0.031303
 0.816165 0.003675 0.122159 0.058001
 0.061593 0.561555 0.180042 0.196809

MOTIF 75-ACGT
letter-probability matrix: alength= 4 w= 4 nsites= 861 P= 7.7e-004
 0.927464 0.027082 0.027082 0.018373
 0.018373 0.936173 0.027082 0.018373
 0.018373 0.027082 0.936173 0.018373
 0.018373 0.027082 0.027082 0.927464

MOTIF 76-ACTTTGG
letter-probability matrix: alength= 4 w= 7 nsites= 201 P= 3.0e-004
 0.933027 0.021518 0.021518 0.023936
 0.023936 0.930609 0.021518 0.023936
 0.023936 0.021518 0.021518 0.933027
 0.023936 0.021518 0.021518 0.933027
 0.023936 0.021518 0.021518 0.933027
 0.023936 0.021518 0.930609 0.023936
 0.023936 0.021518 0.930609 0.023936

MOTIF 77-CCCAAAG
letter-probability matrix: alength= 4 w= 7 nsites= 104 P= 1.1e-005
 0.022255 0.932291 0.023200 0.022255
 0.022255 0.932291 0.023200 0.022255
 0.022255 0.932291 0.023200 0.022255
 0.931345 0.023200 0.023200 0.022255
 0.931345 0.023200 0.023200 0.022255
 0.931345 0.023200 0.023200 0.022255
 0.022255 0.023200 0.932291 0.022255

MOTIF 78-AAGTGCTG
letter-probability matrix: alength= 4 w= 8 nsites= 118 P= 2.3e-005
 0.997461 0.000917 0.000917 0.000705
 0.939115 0.059263 0.000917 0.000705
 0.000705 0.000917 0.997673 0.000705
 0.000705 0.000917 0.000917 0.997461
 0.076319 0.000917 0.922059 0.000705
 0.000705 0.997673 0.000917 0.000705
 0.000705 0.000917 0.000917 0.997461
 0.090704 0.000917 0.907674 0.000705

MOTIF 79-AGCTACT
letter-probability matrix: alength= 4 w= 7 nsites= 222 P= 2.2e-004
 0.936700 0.017845 0.017845 0.027609
 0.027609 0.017845 0.926936 0.027609
 0.027609 0.926936 0.017845 0.027609
 0.027609 0.017845 0.017845 0.936700
 0.936700 0.017845 0.017845 0.027609
 0.027609 0.926936 0.017845 0.027609
 0.027609 0.017845 0.017845 0.936700

MOTIF 80-CACTTCCGGBK
letter-probability matrix: alength= 4 w= 11 nsites= 508 P= 6.7e-007
 0.071690 0.677468 0.066718 0.184124
 0.774911 0.023136 0.201901 0.000052
 0.000052 0.928607 0.031946 0.039395
 0.061461 0.000114 0.004718 0.933707
 0.001007 0.000114 0.002416 0.996463
 0.000052 0.999782 0.000114 0.000052
 0.000052 0.995180 0.002416 0.002353
 0.002353 0.016226 0.922218 0.059204
 0.014817 0.117365 0.854153 0.013665
 0.017121 0.368264 0.303534 0.311081
 0.135117 0.192447 0.256310 0.416126

MOTIF 81-GTTGCYA
letter-probability matrix: alength= 4 w= 7 nsites= 187 P= 5.9e-004
 0.000610 0.001349 0.997430 0.000610
 0.000610 0.001349 0.001349 0.996691
 0.000610 0.001349 0.001349 0.996691
 0.130137 0.001349 0.867903 0.000610
 0.000610 0.997430 0.001349 0.000610
 0.000610 0.477759 0.001349 0.520282
 0.996691 0.001349 0.001349 0.000610

MOTIF 82-CCGCAGCAGGT
letter-probability matrix: alength= 4 w= 11 nsites= 54 P= 8.6e-004
 0.000787 0.927094 0.024378 0.047741
 0.094785 0.809572 0.000906 0.094737
 0.047741 0.000906 0.940828 0.010525
 0.118188 0.833175 0.047850 0.000787
 0.926985 0.024378 0.024378 0.024259
 0.000787 0.000906 0.950576 0.047730
 0.000787 0.997520 0.000906 0.000787
 0.903514 0.047850 0.000906 0.047730
 0.024259 0.094825 0.880129 0.000787
 0.024259 0.047860 0.927094 0.000787
 0.047730 0.024378 0.024378 0.903514

MOTIF 83-GCWGC
letter-probability matrix: alength= 4 w= 5 nsites= 2210 P= 3.0e-004
 0.013982 0.031473 0.940564 0.013982
 0.013982 0.940564 0.031473 0.013982
 0.468527 0.031473 0.031473 0.468527
 0.013982 0.031473 0.940564 0.013982
 0.013982 0.940564 0.031473 0.013982

MOTIF 84-GATGA
letter-probability matrix: alength= 4 w= 5 nsites= 656 P= 4.4e-004
 0.026164 0.019291 0.928382 0.026164
 0.935255 0.019291 0.019291 0.026164
 0.026164 0.019291 0.019291 0.935255
 0.026164 0.019291 0.928382 0.026164
 0.935255 0.019291 0.019291 0.026164

MOTIF 85-ASTGCGCAKGCGCVG
letter-probability matrix: alength= 4 w= 15 nsites= 348 P= 1.7e-005
 0.535347 0.099982 0.127714 0.236956
 0.097133 0.367383 0.463312 0.072172
 0.022252 0.185958 0.088883 0.702906
 0.038892 0.000135 0.958134 0.002838
 0.019478 0.977549 0.002909 0.000065
 0.000065 0.000135 0.999735 0.000065
 0.000065 0.994189 0.002909 0.002838
 0.855443 0.063928 0.038962 0.041668
 0.036121 0.113846 0.378482 0.471552
 0.008385 0.017926 0.968078 0.005611
 0.000065 0.922081 0.005682 0.072172
 0.002838 0.025096 0.930400 0.041666
 0.008385 0.874933 0.005682 0.111001
 0.310691 0.234253 0.355150 0.099906
 0.227482 0.205375 0.475557 0.091586

MOTIF 86-CCATGKYG
letter-probability matrix: alength= 4 w= 8 nsites= 338 P= 2.0e-004
 0.162197 0.734972 0.000437 0.102393
 0.089293 0.861880 0.000437 0.048389
 0.998915 0.000437 0.000437 0.000210
 0.000210 0.000437 0.000437 0.998915
 0.000210 0.185932 0.776739 0.037119
 0.017566 0.061749 0.611105 0.309580
 0.000210 0.404748 0.032838 0.562203
 0.000210 0.018225 0.981355 0.000210

MOTIF 87-YGACAGAGCRAGAC
letter-probability matrix: alength= 4 w= 14 nsites= 119 P= 8.5e-004
 0.037282 0.601458 0.046574 0.314686
 0.222271 0.009599 0.767819 0.000311
 0.998977 0.000356 0.000356 0.000311
 0.000311 0.943561 0.037332 0.018796
 0.962006 0.009599 0.018842 0.009553
 0.055767 0.037327 0.897352 0.009553
 0.943516 0.009599 0.037332 0.009553
 0.055767 0.009599 0.925080 0.009553
 0.055767 0.656986 0.074307 0.212939
 0.407265 0.046570 0.545854 0.000311
 0.971249 0.009599 0.018842 0.000311
 0.046525 0.018842 0.934323 0.000311
 0.971249 0.000356 0.028084 0.000311
 0.028039 0.952804 0.018846 0.000311

MOTIF 88-CGMGATCKCG
letter-probability matrix: alength= 4 w= 10 nsites= 90 P= 8.5e-004
 0.006982 0.849289 0.006872 0.136857
 0.329799 0.006872 0.662808 0.000521
 0.547502 0.296395 0.019795 0.136308
 0.074314 0.097421 0.827744 0.000521
 0.992195 0.000411 0.006872 0.000521
 0.000521 0.006872 0.000411 0.992195
 0.000521 0.827744 0.097421 0.074314
 0.136308 0.019795 0.296395 0.547502
 0.000521 0.662808 0.006872 0.329799
 0.136857 0.006872 0.849289 0.006982

MOTIF 89-AGGCGTGAGCC
letter-probability matrix: alength= 4 w= 11 nsites= 107 P= 8.5e-004
 0.948248 0.000319 0.000319 0.051114
 0.000412 0.000319 0.998857 0.000412
 0.061250 0.000319 0.907599 0.030832
 0.000412 0.724610 0.000319 0.274659
 0.297017 0.000319 0.702252 0.000412
 0.000412 0.081471 0.000319 0.917798
 0.000412 0.020596 0.978580 0.000412
 0.794128 0.040878 0.000319 0.164675
 0.071386 0.010458 0.917744 0.000412
 0.000412 0.968441 0.030735 0.000412
 0.000412 0.998857 0.000319 0.000412

MOTIF 90-GCGTGA
letter-probability matrix: alength= 4 w= 6 nsites= 139 P= 9.2e-004
 0.022364 0.023091 0.932182 0.022364
 0.022364 0.932182 0.023091 0.022364
 0.022364 0.023091 0.932182 0.022364
 0.022364 0.023091 0.023091 0.931455
 0.022364 0.023091 0.932182 0.022364
 0.931455 0.023091 0.023091 0.022364

MOTIF 91-AGAGCRAG
letter-probability matrix: alength= 4 w= 8 nsites= 130 P= 7.9e-005
 0.997895 0.000903 0.000526 0.000677
 0.000677 0.000526 0.998120 0.000677
 0.981600 0.017197 0.000526 0.000677
 0.000677 0.000526 0.998120 0.000677
 0.000677 0.998120 0.000526 0.000677
 0.530388 0.000526 0.468409 0.000677
 0.998084 0.000713 0.000526 0.000677
 0.000677 0.000526 0.998120 0.000677

MOTIF 92-TCTCGCGAGABTK
letter-probability matrix: alength= 4 w= 13 nsites= 75 P= 9.0e-004
 0.000343 0.000758 0.000758 0.998142
 0.091857 0.815522 0.092278 0.000343
 0.030847 0.046517 0.000758 0.921878
 0.000343 0.968052 0.031262 0.000343
 0.015595 0.000758 0.968052 0.015595
 0.000343 0.968052 0.000758 0.030847
 0.000343 0.000758 0.998557 0.000343
 0.952385 0.016010 0.031262 0.000343
 0.000343 0.061771 0.785020 0.152866
 0.778265 0.031262 0.174878 0.015595
 0.137622 0.351570 0.275323 0.235484
 0.061354 0.153298 0.092278 0.693070
 0.030847 0.138029 0.321064 0.510060

MOTIF 93-ACTACAWYTCCCAG
letter-probability matrix: alength= 4 w= 14 nsites= 115 P= 4.1e-004
 0.945596 0.043019 0.000543 0.010842
 0.000223 0.977774 0.011162 0.010842
 0.000223 0.053661 0.000543 0.945573
 0.860614 0.074907 0.053638 0.010842
 0.000223 0.977774 0.021781 0.000223
 0.828757 0.032405 0.138615 0.000223
 0.446391 0.085528 0.053638 0.414443
 0.042703 0.499794 0.064285 0.393218
 0.095793 0.011162 0.000543 0.892501
 0.032079 0.871579 0.043024 0.053317
 0.000223 0.988392 0.000543 0.010842
 0.032079 0.935293 0.000543 0.032084
 0.743808 0.032400 0.223569 0.000223
 0.063941 0.074881 0.786623 0.074555

MOTIF 94-AMSATGGCGGC
letter-probability matrix: alength= 4 w= 11 nsites= 380 P= 7.2e-006
 0.723411 0.000151 0.276371 0.000067
 0.554144 0.306852 0.049863 0.089141
 0.020287 0.429267 0.504963 0.045483
 0.981458 0.000151 0.018324 0.000067
 0.000067 0.000151 0.000151 0.999630
 0.000067 0.000151 0.999715 0.000067
 0.000067 0.000151 0.919736 0.080046
 0.073990 0.876762 0.000151 0.049097
 0.058852 0.040769 0.731223 0.169156
 0.146177 0.074881 0.641347 0.137595
 0.183311 0.704594 0.000151 0.111944

MOTIF 95-GCGACAGAGC
letter-probability matrix: alength= 4 w= 10 nsites= 115 P= 5.5e-006
 0.010309 0.000313 0.979070 0.010309
 0.000402 0.810011 0.000313 0.189274
 0.229253 0.000313 0.765922 0.004512
 0.989065 0.000313 0.010220 0.000402
 0.010309 0.988977 0.000313 0.000402
 0.989065 0.000313 0.010220 0.000402
 0.030134 0.000313 0.959244 0.010309
 0.998972 0.000313 0.000313 0.000402
 0.000402 0.000313 0.988977 0.010309
 0.010309 0.840114 0.030045 0.119532

MOTIF 96-CCATCTC
letter-probability matrix: alength= 4 w= 7 nsites= 196 P= 5.1e-004
 0.027409 0.927136 0.018045 0.027409
 0.027409 0.927136 0.018045 0.027409
 0.936500 0.018045 0.018045 0.027409
 0.027409 0.018045 0.018045 0.936500
 0.027409 0.927136 0.018045 0.027409
 0.027409 0.018045 0.018045 0.936500
 0.027409 0.927136 0.018045 0.027409

MOTIF 97-ACMMCAAC
letter-probability matrix: alength= 4 w= 8 nsites= 568 P= 8.8e-004
 0.860226 0.139198 0.000399 0.000177
 0.067067 0.801662 0.000399 0.130872
 0.431523 0.476533 0.064612 0.027332
 0.463990 0.431740 0.067688 0.036582
 0.034926 0.887329 0.000399 0.077346
 0.803005 0.000399 0.153672 0.042924
 0.999024 0.000399 0.000399 0.000177
 0.000177 0.886267 0.056441 0.057114

MOTIF 98-AGACACAG
letter-probability matrix: alength= 4 w= 8 nsites= 247 P= 6.8e-004
 0.742525 0.029625 0.195064 0.032786
 0.000889 0.000591 0.997631 0.000889
 0.937891 0.000591 0.000591 0.060927
 0.000889 0.943727 0.000591 0.054793
 0.924136 0.005548 0.029625 0.040691
 0.087164 0.816705 0.000591 0.095541
 0.943738 0.009105 0.021111 0.026047
 0.119020 0.000591 0.732149 0.148240

MOTIF 99-AGATG
letter-probability matrix: alength= 4 w= 5 nsites= 1014 P= 9.2e-005
 0.930218 0.024327 0.024327 0.021127
 0.021127 0.024327 0.933418 0.021127
 0.930218 0.024327 0.024327 0.021127
 0.021127 0.024327 0.024327 0.930218
 0.021127 0.024327 0.933418 0.021127

